exename,path,args,pid,generation,ppid,pgid,sid,numtids,tid,start,end,rdtsc_duration,PERF_COUNT_SW_CPU_CLOCK
bash,/bin/bash,sieve.sh 1000sieve.sh 1000sieve.sh 1000,22452,0,22450,21875,1,1,22452,1542636640247274,1542636640337022,206251234,0
