exename,path,args,pid,generation,ppid,pgid,sid,numtids,tid,start,end,rdtsc_duration,PERF_COUNT_SW_CPU_CLOCK
bash,/bin/bash,sieve.sh 1000sieve.sh 1000sieve.sh 1000,23061,0,23060,21875,1,1,23061,1542636652511908,1542636652512113,440365,0
