exename,path,args,pid,generation,ppid,pgid,sid,numtids,tid,start,end,rdtsc_duration,PERF_COUNT_SW_CPU_CLOCK
bash,/bin/bash,sieve.sh 1000sieve.sh 1000sieve.sh 1000,22462,0,22460,21875,1,1,22462,1542636640447183,1542636640516574,159466541,0
